************************************************** DATA_INPUT START!!!! **************************************************
################################################## DATA_INPUT END... time lapsing 0:00:00.073465  ##################################################
**************************************************************************************************** features_np
================================================== dense_feature (16, 5, 1)
[[[3.5810e-03]
  [0.0000e+00]
  [0.0000e+00]
  [1.9970e-03]
  [0.0000e+00]]

 [[3.2790e-03]
  [0.0000e+00]
  [0.0000e+00]
  [1.0000e-05]
  [0.0000e+00]]

 [[2.2301e-02]
  [0.0000e+00]
  [0.0000e+00]
  [1.0526e-02]
  [0.0000e+00]]

 [[8.2820e-03]
  [0.0000e+00]
  [0.0000e+00]
  [0.0000e+00]
  [0.0000e+00]]

 [[9.4960e-03]
  [0.0000e+00]
  [0.0000e+00]
  [4.1860e-03]
  [0.0000e+00]]

 [[9.6770e-03]
  [0.0000e+00]
  [0.0000e+00]
  [7.5570e-03]
  [0.0000e+00]]

 [[1.4433e-02]
  [0.0000e+00]
  [0.0000e+00]
  [8.8250e-03]
  [0.0000e+00]]

 [[6.6390e-03]
  [0.0000e+00]
  [0.0000e+00]
  [4.3120e-03]
  [0.0000e+00]]

 [[9.4150e-03]
  [0.0000e+00]
  [0.0000e+00]
  [0.0000e+00]
  [0.0000e+00]]

 [[2.3450e-03]
  [0.0000e+00]
  [0.0000e+00]
  [4.7580e-03]
  [0.0000e+00]]

 [[8.4680e-03]
  [0.0000e+00]
  [0.0000e+00]
  [0.0000e+00]
  [0.0000e+00]]

 [[1.2984e-02]
  [0.0000e+00]
  [0.0000e+00]
  [0.0000e+00]
  [0.0000e+00]]

 [[5.1470e-03]
  [0.0000e+00]
  [0.0000e+00]
  [5.4900e-04]
  [0.0000e+00]]

 [[1.0000e-05]
  [0.0000e+00]
  [0.0000e+00]
  [0.0000e+00]
  [0.0000e+00]]

 [[3.5418e-02]
  [0.0000e+00]
  [0.0000e+00]
  [0.0000e+00]
  [0.0000e+00]]

 [[8.3240e-03]
  [0.0000e+00]
  [0.0000e+00]
  [1.4690e-03]
  [0.0000e+00]]]
================================================== permuation_mask (16, 5)
[[1. 0. 0. 1. 0.]
 [1. 0. 0. 1. 0.]
 [1. 0. 0. 1. 0.]
 [1. 0. 0. 0. 0.]
 [1. 0. 0. 1. 0.]
 [1. 0. 0. 1. 0.]
 [1. 0. 0. 1. 0.]
 [1. 0. 0. 1. 0.]
 [1. 0. 0. 0. 0.]
 [1. 0. 0. 1. 0.]
 [1. 0. 0. 0. 0.]
 [1. 0. 0. 0. 0.]
 [1. 0. 0. 1. 0.]
 [1. 0. 0. 0. 0.]
 [1. 0. 0. 0. 0.]
 [1. 0. 0. 1. 0.]]
================================================== cate_feature (16, 5, 7)
[[[1982072 3289387 2441180  426585 3741463 3748794 2617429]
  [3427464 2762459 3943538  132232 2793868 3748794 2617429]
  [ 635545  601275 3943538  132232 2793868 3748794 2617429]
  [ 358688 3448665 2441180  426585 3741463 3748794 2617429]
  [4060431 2123026 3943538  132232 2793868 3748794 2617429]]

 [[1982072 2293184 2441180  426585 3741463 2547054 4019580]
  [3427464 2313311 3943538 2862905 2793868 2547054 4019580]
  [ 635545 3848666 3943538 2862905 2793868 2547054 4019580]
  [ 358688  282898 2441180  426585 3741463 2547054 4019580]
  [4060431 3333129 3943538 2862905 2793868 2547054 4019580]]

 [[1982072  119345 2441180  426585 3741463 2309276 3304251]
  [3427464 1616318 3943538   78052 2793868 2309276 3304251]
  [ 635545 3796152 3943538   78052 2793868 2309276 3304251]
  [ 358688 4183294 2441180  426585 3741463 2309276 3304251]
  [4060431  125387 3943538   78052 2793868 2309276 3304251]]

 [[1982072 1815965 2441180  426585 3741463 3495206  342733]
  [3427464 3234675 3943538 3714116 2793868 3495206  342733]
  [ 635545 3688885 3943538 3714116 2793868 3495206  342733]
  [ 358688 1233754 3943538 3714116 2793868 3495206  342733]
  [4060431  797899 3943538 3714116 2793868 3495206  342733]]

 [[1982072 3605051 2441180  426585 3741463 3495206 3104750]
  [3427464 2322742 3943538 2862905 2793868 3495206 3104750]
  [ 635545 2865377 3943538 2862905 2793868 3495206 3104750]
  [ 358688 2540533 2441180  426585 3741463 3495206 3104750]
  [4060431   50341 3943538 2862905 2793868 3495206 3104750]]

 [[1982072 1261362 2441180  426585 3741463 3495206 3104750]
  [3427464 1940995 3943538 2862905 2793868 3495206 3104750]
  [ 635545 2024151 3943538 2862905 2793868 3495206 3104750]
  [ 358688 3618765 2441180  426585 3741463 3495206 3104750]
  [4060431  486038 3943538 2862905 2793868 3495206 3104750]]

 [[1982072 2004858 2441180  426585 3741463 3495206 3104750]
  [3427464 2550188 3365410 2862905 2793868 3495206 3104750]
  [ 635545 1371656 3943538 2862905 2793868 3495206 3104750]
  [ 358688 2942583 2441180  426585 3741463 3495206 3104750]
  [4060431 4193926 3943538 2862905 2793868 3495206 3104750]]

 [[1982072 3140575 2441180  426585 3741463 3495206 3104750]
  [3427464 3881838 3365410 2862905 2793868 3495206 3104750]
  [ 635545 1478496 3943538 2862905 2793868 3495206 3104750]
  [ 358688 1566560 2441180  426585 3741463 3495206 3104750]
  [4060431  650888 3943538 2862905 2793868 3495206 3104750]]

 [[1982072 3109961 2441180  426585 3741463 2309276 3104750]
  [3427464 1967398 3365410 2862905 2793868 2309276 3104750]
  [ 635545  945554 3943538 2862905 2793868 2309276 3104750]
  [ 358688 2774207 3943538 2862905 2793868 2309276 3104750]
  [4060431 2389629 3943538 2862905 2793868 2309276 3104750]]

 [[1982072  695564 2441180  426585 3741463  904597 1069098]
  [3427464 3943772 3943538 3825960 2793868  904597 1069098]
  [ 635545 3255767 3943538 3825960 2793868  904597 1069098]
  [ 358688 1780764 2441180  426585 3741463  904597 1069098]
  [4060431 2194147 3943538 3825960 2793868  904597 1069098]]

 [[1982072 1882459 2441180  426585 3741463 3495206 4067358]
  [3427464 1443240 3365410   78052 2793868 3495206 4067358]
  [ 635545 1944302 3943538   78052 2793868 3495206 4067358]
  [ 358688  854121 3943538   78052 2793868 3495206 4067358]
  [4060431 3157307 3943538   78052 2793868 3495206 4067358]]

 [[1982072 4009675 2441180  426585 3741463 3138936  472958]
  [3427464 1023411 3365410 3864682 2793868 3138936  472958]
  [ 635545  304094 3943538 3864682 2793868 3138936  472958]
  [ 358688 2868096 3943538 3864682 2793868 3138936  472958]
  [4060431 2080940 3943538 3864682 2793868 3138936  472958]]

 [[1982072 2863481 2441180  426585 3741463  904597  481551]
  [3427464  211244 3943538 1881043 2793868  904597  481551]
  [ 635545 2022820 3943538 1881043 2793868  904597  481551]
  [ 358688 2317093 2441180  426585 3741463  904597  481551]
  [4060431 2206910 3943538 1881043 2793868  904597  481551]]

 [[1982072   55591 2441180  426585 3741463 3748794  367882]
  [3427464 3385578 3943538 1496287 2793868 3748794  367882]
  [ 635545  587570 3943538 1496287 2793868 3748794  367882]
  [ 358688 2464905 3943538 1496287 2793868 3748794  367882]
  [4060431  292585 3943538 1496287 2793868 3748794  367882]]

 [[1982072 2999559 2441180  426585 3741463 3495206   65291]
  [3427464 3754337 3365410  401772 2793868 3495206   65291]
  [ 635545 1538006 3943538  401772 2793868 3495206   65291]
  [ 358688 2622374 3943538  401772 2793868 3495206   65291]
  [4060431 1401538 3943538  401772 2793868 3495206   65291]]

 [[1982072 1306073 2441180  426585 3741463 3495206 3788562]
  [3427464  955575 3943538  274904 2793868 3495206 3788562]
  [ 635545  570035 3943538  274904 2793868 3495206 3788562]
  [ 358688 2682506 2441180  426585 3741463 3495206 3788562]
  [4060431 1176322 3943538  274904 2793868 3495206 3788562]]]
================================================== ctr_label (16, 5)
[[0. 0. 0. 0. 0.]
 [0. 0. 0. 0. 0.]
 [0. 0. 0. 0. 0.]
 [0. 0. 0. 0. 0.]
 [0. 0. 0. 0. 0.]
 [0. 0. 0. 0. 0.]
 [0. 0. 0. 0. 0.]
 [0. 0. 0. 0. 0.]
 [0. 0. 0. 0. 0.]
 [0. 0. 0. 0. 0.]
 [0. 0. 0. 0. 0.]
 [0. 0. 0. 0. 0.]
 [0. 0. 0. 0. 0.]
 [0. 0. 0. 0. 0.]
 [1. 0. 0. 0. 0.]
 [0. 0. 0. 0. 0.]]
================================================== mask (16, 5)
[[1. 0. 0. 1. 0.]
 [1. 0. 0. 1. 0.]
 [1. 0. 0. 1. 0.]
 [1. 0. 0. 0. 0.]
 [1. 0. 0. 1. 0.]
 [1. 0. 0. 1. 0.]
 [1. 0. 0. 1. 0.]
 [1. 0. 0. 1. 0.]
 [1. 0. 0. 0. 0.]
 [1. 0. 0. 1. 0.]
 [1. 0. 0. 0. 0.]
 [1. 0. 0. 0. 0.]
 [1. 0. 0. 1. 0.]
 [1. 0. 0. 0. 0.]
 [1. 0. 0. 0. 0.]
 [1. 0. 0. 1. 0.]]
================================================== page_mask (16, 5)
[[1. 0. 0. 0. 0.]
 [1. 1. 1. 1. 1.]
 [1. 1. 1. 1. 1.]
 [1. 1. 1. 1. 1.]
 [1. 1. 1. 1. 1.]
 [1. 1. 1. 1. 1.]
 [1. 1. 1. 1. 1.]
 [1. 1. 1. 1. 1.]
 [1. 1. 1. 1. 1.]
 [1. 1. 1. 1. 1.]
 [1. 1. 1. 1. 1.]
 [1. 1. 1. 1. 1.]
 [1. 1. 1. 1. 1.]
 [1. 1. 1. 1. 1.]
 [0. 0. 0. 0. 0.]
 [1. 1. 1. 1. 0.]]
================================================== behavior_dense_feature (16, 5, 5, 1)
[[[[4.5860e-03]
   [0.0000e+00]
   [0.0000e+00]
   [2.5130e-03]
   [0.0000e+00]]

  [[0.0000e+00]
   [0.0000e+00]
   [0.0000e+00]
   [0.0000e+00]
   [0.0000e+00]]

  [[0.0000e+00]
   [0.0000e+00]
   [0.0000e+00]
   [0.0000e+00]
   [0.0000e+00]]

  [[0.0000e+00]
   [0.0000e+00]
   [0.0000e+00]
   [0.0000e+00]
   [0.0000e+00]]

  [[0.0000e+00]
   [0.0000e+00]
   [0.0000e+00]
   [0.0000e+00]
   [0.0000e+00]]]


 [[[3.2790e-03]
   [0.0000e+00]
   [0.0000e+00]
   [1.0000e-05]
   [0.0000e+00]]

  [[3.2790e-03]
   [0.0000e+00]
   [0.0000e+00]
   [1.0000e-05]
   [0.0000e+00]]

  [[4.3480e-03]
   [0.0000e+00]
   [0.0000e+00]
   [1.0000e-05]
   [0.0000e+00]]

  [[4.3480e-03]
   [0.0000e+00]
   [0.0000e+00]
   [1.0000e-05]
   [0.0000e+00]]

  [[2.8170e-03]
   [0.0000e+00]
   [0.0000e+00]
   [1.0000e-05]
   [0.0000e+00]]]


 [[[1.0876e-02]
   [0.0000e+00]
   [0.0000e+00]
   [0.0000e+00]
   [0.0000e+00]]

  [[1.1265e-02]
   [0.0000e+00]
   [0.0000e+00]
   [1.0000e-05]
   [0.0000e+00]]

  [[1.0465e-02]
   [0.0000e+00]
   [0.0000e+00]
   [1.1396e-02]
   [0.0000e+00]]

  [[1.2665e-02]
   [0.0000e+00]
   [0.0000e+00]
   [2.9289e-02]
   [0.0000e+00]]

  [[1.0582e-02]
   [0.0000e+00]
   [0.0000e+00]
   [3.1930e-03]
   [0.0000e+00]]]


 [[[3.1062e-02]
   [0.0000e+00]
   [0.0000e+00]
   [0.0000e+00]
   [0.0000e+00]]

  [[1.2869e-02]
   [0.0000e+00]
   [0.0000e+00]
   [9.3410e-03]
   [0.0000e+00]]

  [[1.2869e-02]
   [0.0000e+00]
   [0.0000e+00]
   [9.3410e-03]
   [0.0000e+00]]

  [[2.1964e-02]
   [0.0000e+00]
   [0.0000e+00]
   [9.3140e-03]
   [0.0000e+00]]

  [[8.4990e-03]
   [0.0000e+00]
   [0.0000e+00]
   [0.0000e+00]
   [0.0000e+00]]]


 [[[9.4960e-03]
   [0.0000e+00]
   [0.0000e+00]
   [4.9230e-03]
   [0.0000e+00]]

  [[9.6890e-03]
   [0.0000e+00]
   [0.0000e+00]
   [4.9230e-03]
   [0.0000e+00]]

  [[1.1212e-02]
   [0.0000e+00]
   [0.0000e+00]
   [6.4640e-03]
   [0.0000e+00]]

  [[1.1212e-02]
   [0.0000e+00]
   [0.0000e+00]
   [6.4640e-03]
   [0.0000e+00]]

  [[7.2150e-03]
   [0.0000e+00]
   [0.0000e+00]
   [2.0020e-03]
   [0.0000e+00]]]


 [[[1.1012e-02]
   [0.0000e+00]
   [0.0000e+00]
   [2.8150e-03]
   [0.0000e+00]]

  [[1.2518e-02]
   [0.0000e+00]
   [0.0000e+00]
   [2.8150e-03]
   [0.0000e+00]]

  [[1.2526e-02]
   [0.0000e+00]
   [0.0000e+00]
   [4.2970e-03]
   [0.0000e+00]]

  [[4.5312e-02]
   [0.0000e+00]
   [0.0000e+00]
   [1.4401e-02]
   [0.0000e+00]]

  [[1.0135e-02]
   [0.0000e+00]
   [0.0000e+00]
   [8.4300e-03]
   [0.0000e+00]]]


 [[[1.4433e-02]
   [0.0000e+00]
   [0.0000e+00]
   [8.8250e-03]
   [0.0000e+00]]

  [[9.7680e-03]
   [0.0000e+00]
   [0.0000e+00]
   [3.2660e-03]
   [0.0000e+00]]

  [[9.7700e-03]
   [0.0000e+00]
   [0.0000e+00]
   [4.4320e-03]
   [0.0000e+00]]

  [[9.9250e-03]
   [0.0000e+00]
   [0.0000e+00]
   [4.4320e-03]
   [0.0000e+00]]

  [[9.8680e-03]
   [0.0000e+00]
   [0.0000e+00]
   [3.7530e-03]
   [0.0000e+00]]]


 [[[6.6390e-03]
   [0.0000e+00]
   [0.0000e+00]
   [4.3120e-03]
   [0.0000e+00]]

  [[1.0479e-02]
   [0.0000e+00]
   [0.0000e+00]
   [5.0650e-03]
   [0.0000e+00]]

  [[1.0526e-02]
   [0.0000e+00]
   [0.0000e+00]
   [4.0800e-03]
   [0.0000e+00]]

  [[1.0526e-02]
   [0.0000e+00]
   [0.0000e+00]
   [4.0800e-03]
   [0.0000e+00]]

  [[1.0526e-02]
   [0.0000e+00]
   [0.0000e+00]
   [4.0800e-03]
   [0.0000e+00]]]


 [[[9.4150e-03]
   [0.0000e+00]
   [0.0000e+00]
   [0.0000e+00]
   [0.0000e+00]]

  [[1.1061e-02]
   [0.0000e+00]
   [0.0000e+00]
   [5.1200e-03]
   [0.0000e+00]]

  [[1.4287e-02]
   [0.0000e+00]
   [0.0000e+00]
   [2.3830e-03]
   [0.0000e+00]]

  [[8.9320e-03]
   [0.0000e+00]
   [0.0000e+00]
   [4.5094e-02]
   [0.0000e+00]]

  [[3.5920e-03]
   [0.0000e+00]
   [0.0000e+00]
   [3.7810e-03]
   [0.0000e+00]]]


 [[[2.9500e-03]
   [0.0000e+00]
   [0.0000e+00]
   [6.8830e-03]
   [0.0000e+00]]

  [[2.9500e-03]
   [0.0000e+00]
   [0.0000e+00]
   [6.8830e-03]
   [0.0000e+00]]

  [[1.0330e-03]
   [0.0000e+00]
   [0.0000e+00]
   [7.2040e-03]
   [0.0000e+00]]

  [[8.2270e-03]
   [0.0000e+00]
   [0.0000e+00]
   [0.0000e+00]
   [0.0000e+00]]

  [[8.6970e-03]
   [0.0000e+00]
   [0.0000e+00]
   [0.0000e+00]
   [0.0000e+00]]]


 [[[8.9530e-03]
   [0.0000e+00]
   [0.0000e+00]
   [0.0000e+00]
   [0.0000e+00]]

  [[1.0631e-02]
   [0.0000e+00]
   [0.0000e+00]
   [0.0000e+00]
   [0.0000e+00]]

  [[1.0631e-02]
   [0.0000e+00]
   [0.0000e+00]
   [0.0000e+00]
   [0.0000e+00]]

  [[1.0834e-02]
   [0.0000e+00]
   [0.0000e+00]
   [0.0000e+00]
   [0.0000e+00]]

  [[1.7356e-02]
   [0.0000e+00]
   [0.0000e+00]
   [1.0000e-05]
   [0.0000e+00]]]


 [[[1.3824e-02]
   [0.0000e+00]
   [0.0000e+00]
   [0.0000e+00]
   [0.0000e+00]]

  [[1.3824e-02]
   [0.0000e+00]
   [0.0000e+00]
   [0.0000e+00]
   [0.0000e+00]]

  [[1.9360e-03]
   [0.0000e+00]
   [0.0000e+00]
   [5.3290e-03]
   [0.0000e+00]]

  [[6.3490e-03]
   [0.0000e+00]
   [0.0000e+00]
   [9.1740e-03]
   [0.0000e+00]]

  [[6.5570e-03]
   [0.0000e+00]
   [0.0000e+00]
   [9.1740e-03]
   [0.0000e+00]]]


 [[[6.5120e-03]
   [0.0000e+00]
   [0.0000e+00]
   [6.8400e-04]
   [0.0000e+00]]

  [[3.2590e-03]
   [0.0000e+00]
   [0.0000e+00]
   [4.9100e-03]
   [0.0000e+00]]

  [[3.2590e-03]
   [0.0000e+00]
   [0.0000e+00]
   [4.9100e-03]
   [0.0000e+00]]

  [[3.6440e-03]
   [0.0000e+00]
   [0.0000e+00]
   [5.3190e-03]
   [0.0000e+00]]

  [[5.1060e-03]
   [0.0000e+00]
   [0.0000e+00]
   [7.5740e-03]
   [0.0000e+00]]]


 [[[1.0000e-05]
   [0.0000e+00]
   [0.0000e+00]
   [0.0000e+00]
   [0.0000e+00]]

  [[1.0000e-05]
   [0.0000e+00]
   [0.0000e+00]
   [1.0000e-05]
   [0.0000e+00]]

  [[1.0000e-05]
   [0.0000e+00]
   [0.0000e+00]
   [1.0000e-05]
   [0.0000e+00]]

  [[1.0000e-05]
   [0.0000e+00]
   [0.0000e+00]
   [1.0000e-05]
   [0.0000e+00]]

  [[1.0000e-05]
   [0.0000e+00]
   [0.0000e+00]
   [1.0000e-05]
   [0.0000e+00]]]


 [[[0.0000e+00]
   [0.0000e+00]
   [0.0000e+00]
   [0.0000e+00]
   [0.0000e+00]]

  [[0.0000e+00]
   [0.0000e+00]
   [0.0000e+00]
   [0.0000e+00]
   [0.0000e+00]]

  [[0.0000e+00]
   [0.0000e+00]
   [0.0000e+00]
   [0.0000e+00]
   [0.0000e+00]]

  [[0.0000e+00]
   [0.0000e+00]
   [0.0000e+00]
   [0.0000e+00]
   [0.0000e+00]]

  [[0.0000e+00]
   [0.0000e+00]
   [0.0000e+00]
   [0.0000e+00]
   [0.0000e+00]]]


 [[[9.0440e-03]
   [0.0000e+00]
   [0.0000e+00]
   [4.0690e-03]
   [0.0000e+00]]

  [[3.7170e-03]
   [0.0000e+00]
   [0.0000e+00]
   [1.1787e-02]
   [0.0000e+00]]

  [[4.7730e-03]
   [0.0000e+00]
   [0.0000e+00]
   [3.0060e-03]
   [0.0000e+00]]

  [[4.7730e-03]
   [0.0000e+00]
   [0.0000e+00]
   [3.0060e-03]
   [0.0000e+00]]

  [[0.0000e+00]
   [0.0000e+00]
   [0.0000e+00]
   [0.0000e+00]
   [0.0000e+00]]]]
================================================== behavior_cate_feature (16, 5, 5, 7)
[[[[1982072   50428 2441180 ... 3741463 3748794 2617429]
   [3427464 2890374 3943538 ... 2793868 3748794 2617429]
   [ 635545 1682400 3943538 ... 2793868 3748794 2617429]
   [ 358688 1920466 2441180 ... 3741463 3748794 2617429]
   [4060431 2248443 3943538 ... 2793868 3748794 2617429]]

  [[      0       0       0 ...       0       0 2617429]
   [      0       0       0 ...       0       0 2617429]
   [      0       0       0 ...       0       0 2617429]
   [      0       0       0 ...       0       0 2617429]
   [      0       0       0 ...       0       0 2617429]]

  [[      0       0       0 ...       0       0 2617429]
   [      0       0       0 ...       0       0 2617429]
   [      0       0       0 ...       0       0 2617429]
   [      0       0       0 ...       0       0 2617429]
   [      0       0       0 ...       0       0 2617429]]

  [[      0       0       0 ...       0       0 2617429]
   [      0       0       0 ...       0       0 2617429]
   [      0       0       0 ...       0       0 2617429]
   [      0       0       0 ...       0       0 2617429]
   [      0       0       0 ...       0       0 2617429]]

  [[      0       0       0 ...       0       0 2617429]
   [      0       0       0 ...       0       0 2617429]
   [      0       0       0 ...       0       0 2617429]
   [      0       0       0 ...       0       0 2617429]
   [      0       0       0 ...       0       0 2617429]]]


 [[[1982072 2293184 2441180 ... 3741463 2547054 4019580]
   [3427464  428381 3943538 ... 2793868 2547054 4019580]
   [ 635545  106189 3943538 ... 2793868 2547054 4019580]
   [ 358688  282898 2441180 ... 3741463 2547054 4019580]
   [4060431 2678297 3943538 ... 2793868 2547054 4019580]]

  [[1982072 2293184 2441180 ... 3741463 2547054 4019580]
   [3427464 2393223 3943538 ... 2793868 2547054 4019580]
   [ 635545 2492673 3943538 ... 2793868 2547054 4019580]
   [ 358688 3076684 2441180 ... 3741463 2547054 4019580]
   [4060431 3463772 3943538 ... 2793868 2547054 4019580]]

  [[1982072 2352536 2441180 ... 3741463 2547054 4019580]
   [3427464 4062278 3943538 ... 2793868 2547054 4019580]
   [ 635545 1041131 3943538 ... 2793868 2547054 4019580]
   [ 358688 3076684 2441180 ... 3741463 2547054 4019580]
   [4060431  558273 3943538 ... 2793868 2547054 4019580]]

  [[1982072 2352536 2441180 ... 3741463 2547054 4019580]
   [3427464 1606361 3943538 ... 2793868 2547054 4019580]
   [ 635545  237891 3943538 ... 2793868 2547054 4019580]
   [ 358688 3076684 2441180 ... 3741463 2547054 4019580]
   [4060431 2693930 3943538 ... 2793868 2547054 4019580]]

  [[1982072 2608035 2441180 ... 3741463 2547054 4019580]
   [3427464  514275 3943538 ... 2793868 2547054 4019580]
   [ 635545  454765 3943538 ... 2793868 2547054 4019580]
   [ 358688 2586861 2441180 ... 3741463 2547054 4019580]
   [4060431 2632514 3943538 ... 2793868 2547054 4019580]]]


 [[[1982072 3773200 2441180 ... 3741463 2309276 3304251]
   [3427464 1656529 3365410 ... 2793868 2309276 3304251]
   [ 635545 3693086 3943538 ... 2793868 2309276 3304251]
   [ 358688 1807049 3943538 ... 2793868 2309276 3304251]
   [4060431 2228993 3943538 ... 2793868 2309276 3304251]]

  [[1982072  704080 2441180 ... 3741463 2309276 3304251]
   [3427464 1656529 3365410 ... 2793868 2309276 3304251]
   [ 635545 3693086 3943538 ... 2793868 2309276 3304251]
   [ 358688 1596769 2441180 ... 3741463 2309276 3304251]
   [4060431 1807049 3943538 ... 2793868 2309276 3304251]]

  [[1982072 1642487 2441180 ... 3741463 2547054 3304251]
   [3427464 1203494 3943538 ... 2793868 2547054 3304251]
   [ 635545 3395820 3943538 ... 2793868 2547054 3304251]
   [ 358688  325532 2441180 ... 3741463 2547054 3304251]
   [4060431 3791832 3943538 ... 2793868 2547054 3304251]]

  [[1982072 3839662 2441180 ... 3741463 2547054 3304251]
   [3427464 2466854 3943538 ... 2793868 2547054 3304251]
   [ 635545 2604671 3943538 ... 2793868 2547054 3304251]
   [ 358688  341521 2441180 ... 3741463 2547054 3304251]
   [4060431 4128859 3943538 ... 2793868 2547054 3304251]]

  [[1982072 4033675 2441180 ... 3741463 2547054 3304251]
   [3427464 3575124 3365410 ... 2793868 2547054 3304251]
   [ 635545 2204784 3943538 ... 2793868 2547054 3304251]
   [ 358688  292884 2441180 ... 3741463 2547054 3304251]
   [4060431  375058 3943538 ... 2793868 2547054 3304251]]]


 ...


 [[[1982072 3979157 2441180 ... 3741463 3748794  367882]
   [3427464 1771845 3943538 ... 2793868 3748794  367882]
   [ 635545 2234865 3943538 ... 2793868 3748794  367882]
   [ 358688  503560 3943538 ... 2793868 3748794  367882]
   [4060431 2124453 3943538 ... 2793868 3748794  367882]]

  [[1982072 3858533 2441180 ... 3741463 3748794  367882]
   [3427464 2640737 3943538 ... 2793868 3748794  367882]
   [ 635545 3575551 3943538 ... 2793868 3748794  367882]
   [ 358688   83340 2441180 ... 3741463 3748794  367882]
   [4060431  415427 3943538 ... 2793868 3748794  367882]]

  [[1982072 3324344 2441180 ... 3741463 3748794  367882]
   [3427464 4117920 3943538 ... 2793868 3748794  367882]
   [ 635545 3484081 3943538 ... 2793868 3748794  367882]
   [ 358688  916673 2441180 ... 3741463 3748794  367882]
   [4060431 1610101 3943538 ... 2793868 3748794  367882]]

  [[1982072 3324344 2441180 ... 3741463 3748794  367882]
   [3427464 3158433 3943538 ... 2793868 3748794  367882]
   [ 635545   35313 3943538 ... 2793868 3748794  367882]
   [ 358688 1800381 2441180 ... 3741463 3748794  367882]
   [4060431  524625 3943538 ... 2793868 3748794  367882]]

  [[1982072 3858533 2441180 ... 3741463 3748794  367882]
   [3427464 2535482 3943538 ... 2793868 3748794  367882]
   [ 635545 2125557 3943538 ... 2793868 3748794  367882]
   [ 358688  242642 2441180 ... 3741463 3748794  367882]
   [4060431    9690 3943538 ... 2793868 3748794  367882]]]


 [[[      0       0       0 ...       0       0   65291]
   [      0       0       0 ...       0       0   65291]
   [      0       0       0 ...       0       0   65291]
   [      0       0       0 ...       0       0   65291]
   [      0       0       0 ...       0       0   65291]]

  [[      0       0       0 ...       0       0   65291]
   [      0       0       0 ...       0       0   65291]
   [      0       0       0 ...       0       0   65291]
   [      0       0       0 ...       0       0   65291]
   [      0       0       0 ...       0       0   65291]]

  [[      0       0       0 ...       0       0   65291]
   [      0       0       0 ...       0       0   65291]
   [      0       0       0 ...       0       0   65291]
   [      0       0       0 ...       0       0   65291]
   [      0       0       0 ...       0       0   65291]]

  [[      0       0       0 ...       0       0   65291]
   [      0       0       0 ...       0       0   65291]
   [      0       0       0 ...       0       0   65291]
   [      0       0       0 ...       0       0   65291]
   [      0       0       0 ...       0       0   65291]]

  [[      0       0       0 ...       0       0   65291]
   [      0       0       0 ...       0       0   65291]
   [      0       0       0 ...       0       0   65291]
   [      0       0       0 ...       0       0   65291]
   [      0       0       0 ...       0       0   65291]]]


 [[[1982072  363364 2441180 ... 3741463 3495206 3788562]
   [3427464 2764975 3943538 ... 2793868 3495206 3788562]
   [ 635545  696175 3943538 ... 2793868 3495206 3788562]
   [ 358688 2540533 2441180 ... 3741463 3495206 3788562]
   [4060431 2119818 3943538 ... 2793868 3495206 3788562]]

  [[1982072 3902401 2441180 ... 3741463 3495206 3788562]
   [3427464 2084764 3943538 ... 2793868 3495206 3788562]
   [ 635545  557690 3943538 ... 2793868 3495206 3788562]
   [ 358688 3742325 2441180 ... 3741463 3495206 3788562]
   [4060431 1752380 3943538 ... 2793868 3495206 3788562]]

  [[1982072 3979856 2441180 ... 3741463 3495206 3788562]
   [3427464 2084764 3943538 ... 2793868 3495206 3788562]
   [ 635545  557690 3943538 ... 2793868 3495206 3788562]
   [ 358688 1655102 2441180 ... 3741463 3495206 3788562]
   [4060431 1752380 3943538 ... 2793868 3495206 3788562]]

  [[1982072 3979856 2441180 ... 3741463 3495206 3788562]
   [3427464 2084764 3943538 ... 2793868 3495206 3788562]
   [ 635545  557690 3943538 ... 2793868 3495206 3788562]
   [ 358688 1655102 2441180 ... 3741463 3495206 3788562]
   [4060431 1752380 3943538 ... 2793868 3495206 3788562]]

  [[      0       0       0 ...       0       0 3788562]
   [      0       0       0 ...       0       0 3788562]
   [      0       0       0 ...       0       0 3788562]
   [      0       0       0 ...       0       0 3788562]
   [      0       0       0 ...       0       0 3788562]]]]
================================================== hash_vector (5, 8)
[[0.40117294 0.99079335 0.88917065 0.0155537  0.22690086 0.88960975
  0.19280346 0.33362195]
 [0.1174581  0.44755703 0.992594   0.729664   0.64363134 0.8568069
  0.9018604  0.28774342]
 [0.43749934 0.68071496 0.20502126 0.6968687  0.6449029  0.0873208
  0.61194766 0.86167884]
 [0.19344266 0.42682332 0.10951598 0.9867838  0.8340012  0.79923296
  0.00530356 0.96629244]
 [0.5824283  0.5090709  0.44627032 0.5482943  0.0678283  0.08907409
  0.13400486 0.18482284]]
================================================== position_encoding (5, 8)
[[0.0879024  0.03326749 0.54951304 0.17419778 0.6838982  0.07935155
  0.02665372 0.41810083]
 [0.02038159 0.9310485  0.7236613  0.51103234 0.78128517 0.4072271
  0.0464649  0.95653534]
 [0.17279361 0.12968275 0.31831035 0.6360591  0.15585077 0.59728026
  0.43806198 0.6088094 ]
 [0.0382623  0.9999546  0.7113776  0.54346186 0.6853528  0.9662653
  0.96415925 0.3443814 ]
 [0.7903244  0.9952713  0.8741415  0.45665348 0.76938725 0.7725096
  0.254037   0.2478124 ]]
================================================== disantce_weight (1, 5)
[[0.5        0.5        0.33333334 0.33333334 0.25      ]]
================================================== random_indices (1, 20)
[[ 10 109  55  86 113  84 101  62  85  13  36   3 100  36  99  77  29 119
   84  46]]
================================================== full_permuation_index (120, 5)
[[0 1 2 3 4]
 [0 1 2 4 3]
 [0 1 3 2 4]
 [0 1 3 4 2]
 [0 1 4 2 3]
 [0 1 4 3 2]
 [0 2 1 3 4]
 [0 2 1 4 3]
 [0 2 3 1 4]
 [0 2 3 4 1]
 [0 2 4 1 3]
 [0 2 4 3 1]
 [0 3 1 2 4]
 [0 3 1 4 2]
 [0 3 2 1 4]
 [0 3 2 4 1]
 [0 3 4 1 2]
 [0 3 4 2 1]
 [0 4 1 2 3]
 [0 4 1 3 2]
 [0 4 2 1 3]
 [0 4 2 3 1]
 [0 4 3 1 2]
 [0 4 3 2 1]
 [1 0 2 3 4]
 [1 0 2 4 3]
 [1 0 3 2 4]
 [1 0 3 4 2]
 [1 0 4 2 3]
 [1 0 4 3 2]
 [1 2 0 3 4]
 [1 2 0 4 3]
 [1 2 3 0 4]
 [1 2 3 4 0]
 [1 2 4 0 3]
 [1 2 4 3 0]
 [1 3 0 2 4]
 [1 3 0 4 2]
 [1 3 2 0 4]
 [1 3 2 4 0]
 [1 3 4 0 2]
 [1 3 4 2 0]
 [1 4 0 2 3]
 [1 4 0 3 2]
 [1 4 2 0 3]
 [1 4 2 3 0]
 [1 4 3 0 2]
 [1 4 3 2 0]
 [2 0 1 3 4]
 [2 0 1 4 3]
 [2 0 3 1 4]
 [2 0 3 4 1]
 [2 0 4 1 3]
 [2 0 4 3 1]
 [2 1 0 3 4]
 [2 1 0 4 3]
 [2 1 3 0 4]
 [2 1 3 4 0]
 [2 1 4 0 3]
 [2 1 4 3 0]
 [2 3 0 1 4]
 [2 3 0 4 1]
 [2 3 1 0 4]
 [2 3 1 4 0]
 [2 3 4 0 1]
 [2 3 4 1 0]
 [2 4 0 1 3]
 [2 4 0 3 1]
 [2 4 1 0 3]
 [2 4 1 3 0]
 [2 4 3 0 1]
 [2 4 3 1 0]
 [3 0 1 2 4]
 [3 0 1 4 2]
 [3 0 2 1 4]
 [3 0 2 4 1]
 [3 0 4 1 2]
 [3 0 4 2 1]
 [3 1 0 2 4]
 [3 1 0 4 2]
 [3 1 2 0 4]
 [3 1 2 4 0]
 [3 1 4 0 2]
 [3 1 4 2 0]
 [3 2 0 1 4]
 [3 2 0 4 1]
 [3 2 1 0 4]
 [3 2 1 4 0]
 [3 2 4 0 1]
 [3 2 4 1 0]
 [3 4 0 1 2]
 [3 4 0 2 1]
 [3 4 1 0 2]
 [3 4 1 2 0]
 [3 4 2 0 1]
 [3 4 2 1 0]
 [4 0 1 2 3]
 [4 0 1 3 2]
 [4 0 2 1 3]
 [4 0 2 3 1]
 [4 0 3 1 2]
 [4 0 3 2 1]
 [4 1 0 2 3]
 [4 1 0 3 2]
 [4 1 2 0 3]
 [4 1 2 3 0]
 [4 1 3 0 2]
 [4 1 3 2 0]
 [4 2 0 1 3]
 [4 2 0 3 1]
 [4 2 1 0 3]
 [4 2 1 3 0]
 [4 2 3 0 1]
 [4 2 3 1 0]
 [4 3 0 1 2]
 [4 3 0 2 1]
 [4 3 1 0 2]
 [4 3 1 2 0]
 [4 3 2 0 1]
 [4 3 2 1 0]]
**************************************************************************************************** labels_np
================================================== ctr_label (16, 5)
[[0. 0. 0. 0. 0.]
 [0. 0. 0. 0. 0.]
 [0. 0. 0. 0. 0.]
 [0. 0. 0. 0. 0.]
 [0. 0. 0. 0. 0.]
 [0. 0. 0. 0. 0.]
 [0. 0. 0. 0. 0.]
 [0. 0. 0. 0. 0.]
 [0. 0. 0. 0. 0.]
 [0. 0. 0. 0. 0.]
 [0. 0. 0. 0. 0.]
 [0. 0. 0. 0. 0.]
 [0. 0. 0. 0. 0.]
 [0. 0. 0. 0. 0.]
 [1. 0. 0. 0. 0.]
 [0. 0. 0. 0. 0.]]
================================================== mask (16, 5)
[[1. 0. 0. 1. 0.]
 [1. 0. 0. 1. 0.]
 [1. 0. 0. 1. 0.]
 [1. 0. 0. 0. 0.]
 [1. 0. 0. 1. 0.]
 [1. 0. 0. 1. 0.]
 [1. 0. 0. 1. 0.]
 [1. 0. 0. 1. 0.]
 [1. 0. 0. 0. 0.]
 [1. 0. 0. 1. 0.]
 [1. 0. 0. 0. 0.]
 [1. 0. 0. 0. 0.]
 [1. 0. 0. 1. 0.]
 [1. 0. 0. 0. 0.]
 [1. 0. 0. 0. 0.]
 [1. 0. 0. 1. 0.]]
================================================== page_mask (16, 5)
[[1. 0. 0. 0. 0.]
 [1. 1. 1. 1. 1.]
 [1. 1. 1. 1. 1.]
 [1. 1. 1. 1. 1.]
 [1. 1. 1. 1. 1.]
 [1. 1. 1. 1. 1.]
 [1. 1. 1. 1. 1.]
 [1. 1. 1. 1. 1.]
 [1. 1. 1. 1. 1.]
 [1. 1. 1. 1. 1.]
 [1. 1. 1. 1. 1.]
 [1. 1. 1. 1. 1.]
 [1. 1. 1. 1. 1.]
 [1. 1. 1. 1. 1.]
 [0. 0. 0. 0. 0.]
 [1. 1. 1. 1. 0.]]
